[/tmp/zathura.stdin.YF9RR0]
page=2
offset=0
zoom=0.3762541806020066
rotate=0
pages-per-row=1
first-page-column=1:2
page-right-to-left=false
position-x=0.5
position-y=0.40999679496518093
time=1601306865
jumplist=

[pQq5+8XNJVwdwenjQ68N4Bqb0UHHuNtF91QTbY7r0SU=]
page=2
offset=0
zoom=0.3762541806020066
rotate=0
pages-per-row=1
first-page-column=1:2
page-right-to-left=false
position-x=0.5
position-y=0.40999679496518093
time=1601306865
